   8.0853226e-01   4.4439466e-01
   5.5494853e-01   7.7036448e-01
   7.3976452e-01   5.4478852e-01
   7.3617661e-01   5.4976570e-01
   7.4291137e-01   5.4040081e-01
   5.3851576e-01   7.8730730e-01
   4.3725866e-01   8.8045641e-01
   5.2216856e-01   8.0366941e-01
   6.0062707e-01   7.2059834e-01
   6.7875774e-01   6.2678526e-01
   5.5151401e-01   7.7398504e-01
   6.4250920e-01   6.7151327e-01
   3.9406678e-01   9.1460726e-01
   7.0089279e-01   5.9756901e-01
   7.2810564e-01   5.6105171e-01
   7.6799433e-01   5.0466311e-01
   7.7141833e-01   4.9969247e-01
   8.2926648e-01   4.1237880e-01
   7.7425240e-01   4.9555623e-01
   7.5544152e-01   5.2267488e-01
   5.0245216e-01   8.2339746e-01
   4.5553056e-01   8.6525184e-01
   6.2456408e-01   6.9295015e-01
   8.5765178e-01   3.6723554e-01
   6.1964299e-01   6.9872266e-01
   6.1625942e-01   7.0272972e-01
   7.2031544e-01   5.7154516e-01
   4.0933695e-01   9.0278319e-01
   6.2659467e-01   6.9055416e-01
   3.9700877e-01   9.1257048e-01
   8.0540748e-01   4.4932525e-01
   3.6939187e-01   9.3210412e-01
   6.1278303e-01   7.0680408e-01
   5.2913865e-01   7.9674126e-01
   5.1824430e-01   8.0767863e-01
   6.1090182e-01   7.1103206e-01
   3.5578449e-01   9.4138445e-01
   9.0594093e-01   2.8694707e-01
   5.6206734e-01   7.6458311e-01
   8.8347713e-01   3.2517101e-01
   4.2268175e-01   8.9232368e-01
   3.8674651e-01   9.1969235e-01
   5.4883714e-01   7.7672202e-01
   4.4559789e-01   8.7353269e-01
   3.2621882e-01   9.6047290e-01
   8.5422546e-01   3.7276530e-01
   3.4297805e-01   9.4980338e-01
   5.7398314e-01   7.5020149e-01
   9.0893863e-01   2.8181796e-01
   5.6475747e-01   7.6001458e-01
   5.1046877e-01   8.1506952e-01
   3.3423355e-01   9.5546590e-01
   5.3469708e-01   7.9124543e-01
   7.0539186e-01   5.9173421e-01
   8.9169427e-01   3.1109167e-01
   6.3030976e-01   6.8617125e-01
   8.6184241e-01   3.6064734e-01
   4.4995516e-01   8.6983233e-01
   5.8873848e-01   7.3402950e-01
   4.8997357e-01   8.3803936e-01
   6.0598818e-01   7.1453934e-01
   3.8268999e-01   9.2263545e-01
   8.3938811e-01   3.9645707e-01
   7.1248863e-01   5.8211775e-01
   7.1128035e-01   5.8376045e-01
   8.0237550e-01   4.5463631e-01
   7.2456055e-01   5.6576346e-01
   8.9562148e-01   3.0447421e-01
   8.7765935e-01   3.3450337e-01
   3.0944343e-01   9.7053696e-01
   7.5881411e-01   5.1785965e-01
   8.8877623e-01   3.1599106e-01
   7.7592150e-01   4.9338946e-01
   7.1775144e-01   5.7511979e-01
   3.7327520e-01   9.2934494e-01
   5.7132509e-01   7.5309287e-01
   4.4109179e-01   8.7736249e-01
   3.3760491e-01   9.5325119e-01
   7.9296358e-01   4.6790003e-01
   9.3318590e-01   2.3978251e-01
   5.7981330e-01   7.4377084e-01
   3.9095591e-01   9.1721240e-01
   5.5756847e-01   7.6761894e-01
   9.1928697e-01   2.6398162e-01
   8.1623520e-01   4.3259505e-01
   7.8382778e-01   4.8151033e-01
   6.3520409e-01   6.8031254e-01
   5.6804799e-01   7.5649629e-01
   9.4586048e-01   2.1906493e-01
   6.5608045e-01   6.5489801e-01
   8.5752562e-01   3.6745587e-01
   7.9948186e-01   4.5812203e-01
   3.5027123e-01   9.4508752e-01
   4.3144761e-01   8.8521286e-01
   5.2425923e-01   8.0211377e-01
   8.9918529e-01   2.9844393e-01
   6.5945038e-01   6.5071847e-01
   8.8622779e-01   3.2025442e-01
   5.9196887e-01   7.3033317e-01
   4.6454303e-01   8.5725523e-01
   6.3228023e-01   6.8380638e-01
   6.9597195e-01   6.0405028e-01
   8.2532055e-01   4.1853457e-01
   3.5890622e-01   9.3926347e-01
   4.1682100e-01   8.9705080e-01
   5.0804089e-01   8.1737435e-01
   8.6881610e-01   3.4935123e-01
   3.0304126e-01   9.7433511e-01
   9.6221928e-01   1.8785963e-01
   5.3130454e-01   7.9457589e-01
   6.7982611e-01   6.2509375e-01
   7.2860957e-01   5.6021540e-01
   7.8705797e-01   4.7669702e-01
   9.2397815e-01   2.5582940e-01
   7.9037920e-01   4.7175781e-01
   4.9900055e-01   8.2595406e-01
   5.4312864e-01   7.8259981e-01
   2.9674708e-01   9.7768588e-01
   9.4299900e-01   2.2235334e-01
   8.4860076e-01   3.8189134e-01
   7.9663805e-01   4.6239398e-01
   9.1486250e-01   2.7241548e-01
   4.0585045e-01   9.0541722e-01
   3.6417020e-01   9.3567504e-01
   2.8689818e-01   9.8312166e-01
   7.3840970e-01   5.4733487e-01
   8.2146681e-01   4.2451712e-01
   4.0120759e-01   9.0905758e-01
   6.4462573e-01   6.6900600e-01
   6.7590211e-01   6.3009887e-01
   6.9240290e-01   6.0875285e-01
   4.9346184e-01   8.3113644e-01
   9.2922589e-01   2.4685776e-01
   6.6818873e-01   6.4238114e-01
   6.6978409e-01   6.3777325e-01
   7.4870051e-01   5.3251639e-01
   4.5907067e-01   8.6205497e-01
   3.7810787e-01   9.2596370e-01
   7.6179878e-01   5.1358094e-01
   6.4987962e-01   6.6253475e-01
   8.1287411e-01   4.3779485e-01
   7.0844962e-01   5.8753127e-01
   9.0989098e-01   2.8019225e-01
   6.2038233e-01   6.9785755e-01
   8.7897493e-01   3.3232447e-01
   8.3168097e-01   4.0859797e-01
   9.7737103e-01   1.6012231e-01
   4.8515824e-01   8.3903670e-01
   9.5520776e-01   2.0054004e-01
   9.6019397e-01   1.9149782e-01
   8.3512141e-01   4.0319236e-01
   4.6903740e-01   8.5394895e-01
   4.1477380e-01   8.9852927e-01
   4.7470745e-01   8.4825468e-01
   7.4333078e-01   5.3978674e-01
   8.2292106e-01   4.2226262e-01
   6.7180619e-01   6.3561870e-01
   7.1647438e-01   5.7819467e-01
   8.7332550e-01   3.4207241e-01
   8.9847565e-01   2.9964660e-01
   7.9418399e-01   4.6666795e-01
   8.6528575e-01   3.5483543e-01
   7.5232584e-01   5.2710318e-01
   4.2874533e-01   8.8740452e-01
   2.8077532e-01   9.8638203e-01
   9.8078824e-01   1.5381584e-01
   9.7434456e-01   1.6583652e-01
   8.4578247e-01   3.8636066e-01
   8.6821349e-01   3.5005077e-01
   5.4608632e-01   7.7957091e-01
   4.7999610e-01   8.4372142e-01
   9.5833050e-01   1.9486833e-01
   3.7699245e-01   9.2693446e-01
   9.7915894e-01   1.5682298e-01
   6.8414649e-01   6.1944879e-01
   6.3918422e-01   6.7553058e-01
   9.8901722e-01   1.3858365e-01
   9.8405206e-01   1.4776832e-01
   9.4779120e-01   2.1388193e-01
   5.1439450e-01   8.1125581e-01
   4.7848581e-01   8.4486314e-01
   8.5400903e-01   3.7311384e-01
   7.4655867e-01   5.3534971e-01
   4.9630782e-01   8.2859464e-01
   5.8214943e-01   7.4120249e-01
   6.8763474e-01   6.1492512e-01
   8.7696030e-01   3.3923283e-01
   7.6483154e-01   5.0921592e-01
   9.8619852e-01   1.4378825e-01
   7.3317395e-01   5.5401191e-01
   3.6373191e-01   9.3637402e-01
   8.8124770e-01   3.2868217e-01
   9.9235147e-01   1.3230231e-01
   9.0267259e-01   2.9251993e-01
   1.0000000e+00   1.1793586e-01
   6.5945038e-01   6.5071847e-01
   9.7590706e-01   1.6281678e-01
   9.0409861e-01   2.9012823e-01
   6.6544393e-01   6.4415301e-01
   2.8480591e-01   9.8423287e-01
